asin,title,price,rating,reviews,countryOfOrigin,category1,bsr1,category2,bsr2,category3,bsr3,variations,sellers,fulfillment,revenue30d,unitSales30d,url,image,isPrime,isSponsored,pageNum,scrapedAt
"B01L2GW7SI","Naoki Matcha Superior Ceremonial Blend – Authentic Japanese First Harvest Ceremonial Grade Matcha Green Tea Powder from Uji, Kyoto (40g / 1.4oz)","$24.99","4.5","8899","","Grocery & Gourmet Food","111","Matcha Tea","1","","","11","1","FBA","$1,833,591.89","59,348","https://www.amazon.com/dp/B01L2GW7SI","https://images-na.ssl-images-amazon.com/images/I/812FyEigEcL._AC_UL600_SR600,400_.jpg","false","false","1","2026-02-01T18:16:11.828Z"
"B00PFDH0IC","Jade Leaf Matcha Organic Culinary Grade Matcha Powder - Japanese Green tea for Baking, Smoothies, Lattes, and Skin Care, 30g / 1.06 Ounce (Pack of 1)","$10.99","4.5","101331","","Grocery & Gourmet Food","205","Matcha Tea","2","","","17","1","FBA","$1,150,353.68","44,636","https://www.amazon.com/dp/B00PFDH0IC","https://images-na.ssl-images-amazon.com/images/I/81cIjwJsG8L._AC_UL600_SR600,400_.jpg","false","false","1","2026-02-01T18:16:11.829Z"
"B01DTQD7VA","Jade Leaf Matcha Organic Matcha Latte Mix - Lightly Sweet Japanese Matcha Green Tea Powder with Organic Can Sugar for Café Style Blend, 5.3 Ounce / 150g (Pack of 1)","$9.99","4.4","35100","","Grocery & Gourmet Food","433","Matcha Tea","3","","","12","1","FBA","$566,405.97","29,273","https://www.amazon.com/dp/B01DTQD7VA","https://images-na.ssl-images-amazon.com/images/I/7199ofwQB+L._AC_UL600_SR600,400_.jpg","false","false","1","2026-02-01T18:16:11.829Z"
"B08PY3Q8XS","Micro Ingredients Organic Matcha Green Tea Powder, First Harvest, Culinary Grade from Japan, 100% Pure & Unflavored, Great for Tea, Latte, & Smoothies, Non-GMO, No Sugar, Eco-Friendly Packaging, 1 Lb","$28.99","4.5","5935","","Grocery & Gourmet Food","1567","Matcha Tea","4","","","2","1","FBA","$313,147.12","11,088","https://www.amazon.com/dp/B08PY3Q8XS","https://images-na.ssl-images-amazon.com/images/I/81U3hoi-rkL._AC_UL600_SR600,400_.jpg","false","false","1","2026-02-01T18:16:11.830Z"
"B0BPXQ2PR5","Chaism Ceremonial Grade Matcha Green Tea Powder - Premium First Harvest USDA Organic Gluten-Free Vegan, 100% Pure Unsweetened No Additives, 1.06oz Tin","$19.99","4.5","2665","","Grocery & Gourmet Food","1585","Matcha Tea","5","","","3","1","FBA","$247,206.58","13,659","https://www.amazon.com/dp/B0BPXQ2PR5","https://images-na.ssl-images-amazon.com/images/I/81R6bHdJkyL._AC_UL600_SR600,400_.jpg","false","false","1","2026-02-01T18:16:11.830Z"
"B077572GG8","Matcha DNA Organic Matcha Powder - XXL 16oz TIN – Matcha Green Tea - USDA Organic Gluten-Free Vegan, Unsweetened No Additives - Everyday Green Macha Powder Tea for Lattes, Smoothies, Baking & Recipes","$25.99","4.4","20457","","Grocery & Gourmet Food","2368","Matcha Tea","6","","","5","2","FBA","$72,684.84","2,947","https://www.amazon.com/dp/B077572GG8","https://images-na.ssl-images-amazon.com/images/I/71oMGLhkN9L._AC_UL600_SR600,400_.jpg","false","false","1","2026-02-01T18:16:11.831Z"
"B0C49Y5YS7","Tenzo Matcha Green Tea Powder - USDA Organic Premium Grade - Authentic Japanese Matcha Tea - Latte Powder - BetterBoost (1.06 Ounce)","$9.49","4.4","2021","","Grocery & Gourmet Food","3353","Matcha Tea","7","","","10","1","FBA","$105,526.47","5,887","https://www.amazon.com/dp/B0C49Y5YS7","https://images-na.ssl-images-amazon.com/images/I/814bjRAPGQL._AC_UL600_SR600,400_.jpg","false","false","1","2026-02-01T18:16:11.832Z"
"B06XXMY1RP","Encha Ceremonial Grade Matcha Powder - Organic First Harvest Japanese Matcha Green Tea, Matcha Tea From Uji, Japan (60g/2.12oz)","$36.99","4.4","8646","","Grocery & Gourmet Food","3359","Matcha Tea","8","","","14","1","FBA","$211,547.85","6,571","https://www.amazon.com/dp/B06XXMY1RP","https://images-na.ssl-images-amazon.com/images/I/81JPIjDLBUL._AC_UL600_SR600,400_.jpg","false","false","1","2026-02-01T18:16:11.832Z"
"B0CXT6L9H5","Crafti Ceremonial Grade Matcha Powder (Organic) - Unsweetened Authentic Japanese Daily Matcha Green Tea Powder from Uji, Kyoto for Barista-Grade Lattes (30g / 1.06oz)","$20.95","4.4","1641","","Grocery & Gourmet Food","3755","Matcha Tea","9","","","8","1","FBA","$150,109.28","5,920","https://www.amazon.com/dp/B0CXT6L9H5","https://images-na.ssl-images-amazon.com/images/I/81qHcH6gvAL._AC_UL600_SR600,400_.jpg","false","false","1","2026-02-01T18:16:11.833Z"
"B09JV6TT9C","Clevr Matcha SuperLatte, Instant Ceremonial Grade, Superfood Powder Blend with Oat Milk, Lions Mane, Reishi Mushroom, Coconut Cream, Ashwagandha, Serve Hot or Iced, (14 Lattes)","$29.00","4.2","1515","","Grocery & Gourmet Food","4144","Matcha Tea","10","","","10","1","FBA","$172,303.21","5,610","https://www.amazon.com/dp/B09JV6TT9C","https://images-na.ssl-images-amazon.com/images/I/81ygZFvta1L._AC_UL600_SR600,400_.jpg","false","false","1","2026-02-01T18:16:11.834Z"
"B01CI57V10","Ito En Matcha Green Tea, Sweet Powder, 17.5 Ounce (Pack of 1), Sweetened Green Tea Powder","$24.68","4.6","6744","","Grocery & Gourmet Food","4833","Matcha Tea","11","","","2","2","AMZ","$106,876.83","4,725","https://www.amazon.com/dp/B01CI57V10","https://images-na.ssl-images-amazon.com/images/I/810hrIoBv3L._AC_UL600_SR600,400_.jpg","false","false","1","2026-02-01T18:16:11.834Z"
"B09H9V9881","Chamberlain Coffee Ceremonial Matcha Green Tea Powder - First Harvest - Japanese Green Tea + Original Grade Matcha - Hot or Iced - Organic, Vegan & Gluten-Free Matcha Powder, 1.06 oz","$25.50","4.3","2306","","Grocery & Gourmet Food","5151","Matcha Tea","12","","","5","1","FBA","$144,017.58","4,801","https://www.amazon.com/dp/B09H9V9881","https://images-na.ssl-images-amazon.com/images/I/71mvOIqy-XL._AC_UL600_SR600,400_.jpg","false","false","1","2026-02-01T18:16:11.835Z"
"B019J9USPO","Matchabar Matcha Powder (80g) - Ceremonial Grade Authentic Japanese Matcha Green Tea Powder - Matcha Green Tea Powder Harvested in Japan - Matcha Tea Powder Latte - Zero Sugar, Vegan & 0 Calories","$39.99","4.4","4471","","Grocery & Gourmet Food","5921","Matcha Tea","13","","","3","1","FBA","$132,333.81","3,575","https://www.amazon.com/dp/B019J9USPO","https://images-na.ssl-images-amazon.com/images/I/71NnuqebX-L._AC_UL600_SR600,400_.jpg","false","false","1","2026-02-01T18:16:11.836Z"
"B07G4R8MVW","Bigelow Tea Matcha Green Tea with Turmeric, Caffeinated Tea with Turmeric, 18 Count Box (Pack of 6), 108 Total Tea Bags","$20.04","4.8","34880","","Grocery & Gourmet Food","466","Matcha Tea","14","","","50","8","AMZ","$495,433.97","26,293","https://www.amazon.com/dp/B07G4R8MVW","https://images-na.ssl-images-amazon.com/images/I/81a+SlHjpgL._AC_UL600_SR600,400_.jpg","false","false","1","2026-02-01T18:16:11.836Z"
"B07YSD518B","chaganju Genmaicha Green Tea with Matcha, roasted brown rice tea, Low caffeine, Japanese Tea, 3g×60 tea bags","$20.72","4.6","1429","","Grocery & Gourmet Food","6646","Matcha Tea","15","","","1","1","FBA","$56,492.84","2,766","https://www.amazon.com/dp/B07YSD518B","https://images-na.ssl-images-amazon.com/images/I/91ZWvFWz1GL._AC_UL600_SR600,400_.jpg","false","false","1","2026-02-01T18:16:11.837Z"
"B09WRTYZ1Q","Matcha Kari - Organic Matcha Green Tea Powder Sticks - Ceremonial Grade - 24 Count","$38.99","4.5","967","","Grocery & Gourmet Food","7049","Matcha Tea","16","","","3","1","FBA","$90,593.45","2,728","https://www.amazon.com/dp/B09WRTYZ1Q","https://images-na.ssl-images-amazon.com/images/I/71whoTP8l-L._AC_UL600_SR600,400_.jpg","false","false","1","2026-02-01T18:16:11.838Z"
"B00WVNY0CI","Midori Spring Organic Authentic Japanese Ceremonial Matcha Powder Emerald, USDA Organic, Kosher, Vegan","$36.50","4.6","1995","","Grocery & Gourmet Food","7185","Matcha Tea","17","","","3","1","FBA","$85,205.06","2,652","https://www.amazon.com/dp/B00WVNY0CI","https://images-na.ssl-images-amazon.com/images/I/71r-CofbD8L._AC_UL600_SR600,400_.jpg","false","false","1","2026-02-01T18:16:11.838Z"
"B01CK2J600","Rishi Tea Matcha Super Green Japanese Tea - Organic, Caffeinated Sachet Bags, Umami, Antioxidant Rich Sencha & Matcha Blend - 50 Count | Organic, Caffeinated, Umami, Antioxidant Rich","$36.00","4.6","985","","Grocery & Gourmet Food","7277","Matcha Tea","18","","","3","2","FBA","$71,793.44","3,382","https://www.amazon.com/dp/B01CK2J600","https://images-na.ssl-images-amazon.com/images/I/71o69DMS0nL._AC_UL600_SR600,400_.jpg","false","false","1","2026-02-01T18:16:11.839Z"
"B07JN8SY16","Pique Organic Sun Goddess Matcha - Ceremonial Grade Matcha Green Tea Powder, Supports Radiant Skin, Calm Energy - 28 Single Serve Sticks (Pack of 1)","$78.00","4.5","602","","Grocery & Gourmet Food","7333","Matcha Tea","19","","","2","1","FBA","$212,094.65","2,665","https://www.amazon.com/dp/B07JN8SY16","https://images-na.ssl-images-amazon.com/images/I/71YrrqNumtL._AC_UL600_SR600,400_.jpg","false","false","1","2026-02-01T18:16:11.840Z"
"B0DT2NH3V9","Organic Matcha Green Tea Powder, 2 Pounds | Unsweetened with Zero Sugar, Culinary Grade, Potent Early Harvest, Fine Stone Ground – Vegan, All Purpose, Great for Matcha Latte","$36.95","4.5","515","","Grocery & Gourmet Food","7552","Matcha Tea","20","","","2","1","FBA","$143,975.63","5,052","https://www.amazon.com/dp/B0DT2NH3V9","https://images-na.ssl-images-amazon.com/images/I/81akx1mVXgL._AC_UL600_SR600,400_.jpg","false","false","1","2026-02-01T18:16:11.841Z"
"B0DR8LWWP4","Matcharl Matcha Powder - Japanese ceremonial grade Kyoto Uji First Harvest Stone-Milled Green Tea Powder (40g / 1.4oz) TARO - Tin","$19.50","4.5","391","","Grocery & Gourmet Food","7577","Matcha Tea","21","","","5","1","FBA","$62,714.09","2,708","https://www.amazon.com/dp/B0DR8LWWP4","https://images-na.ssl-images-amazon.com/images/I/81vWod5OMjL._AC_UL600_SR600,400_.jpg","false","false","1","2026-02-01T18:16:11.841Z"
"B078GVS6FL","Ito En Traditional Matcha Green Tea 50 Count Zero Calories, Caffeinated","$8.98","4.5","5948","","Grocery & Gourmet Food","7608","Matcha Tea","22","","","1","2","AMZ","$45,211.80","5,035","https://www.amazon.com/dp/B078GVS6FL","https://images-na.ssl-images-amazon.com/images/I/81-8gidjfRL._AC_UL600_SR600,400_.jpg","false","false","1","2026-02-01T18:16:11.842Z"
"B0G2SGZQZX","Authentic Japanese Matcha, First-Harvest Ceremonial Grade Matcha Green Tea Powder - Product of Japan, Traditionally Stone-Milled, from Uji, Kyoto (40g / 1.4oz)","$24.98","4.8","33","","Grocery & Gourmet Food","7890","Matcha Tea","23","","","2","1","FBA","$7,119.16","257","https://www.amazon.com/dp/B0G2SGZQZX","https://images-na.ssl-images-amazon.com/images/I/61r4DI0-AzL._AC_UL600_SR600,400_.jpg","false","false","1","2026-02-01T18:16:11.843Z"
"B073H7T9P8","ITO EN Oi Ocha Matcha Green Tea Unsweetened, 16.9 Ounce Bottle (Pack of 12), Sugar Free","$24.19","4.5","13109","","Grocery & Gourmet Food","421","Matcha Tea","24","","","8","1","AMZ","$431,573.13","22,051","https://www.amazon.com/dp/B073H7T9P8","https://images-na.ssl-images-amazon.com/images/I/61ftyFYuWlL._AC_UL600_SR600,400_.jpg","false","false","1","2026-02-01T18:16:11.844Z"
"B07SVV49K1","Naoki Matcha Fragrant Yame Blend – Authentic Japanese First Harvest Ceremonial Grade Matcha Green Tea Powder from Yame, Fukuoka (40g / 1.4oz)","$26.99","4.3","707","","Grocery & Gourmet Food","7941","Matcha Tea","25","","","2","1","FBA","$80,690.65","2,355","https://www.amazon.com/dp/B07SVV49K1","https://images-na.ssl-images-amazon.com/images/I/81BTo45nI2L._AC_UL600_SR600,400_.jpg","false","false","1","2026-02-01T18:16:11.845Z"
"B07DCM93NC","Uncle Lee's Organic Matcha Green Tea Bags, 40 Count – Antioxidant-Rich, Low Caffeine, Naturally Energizing Blend","$7.99","4.6","692","","Grocery & Gourmet Food","7996","Matcha Tea","26","","","2","1","FBA","$19,015.40","2,283","https://www.amazon.com/dp/B07DCM93NC","https://images-na.ssl-images-amazon.com/images/I/71FVA6N9I0L._AC_UL600_SR600,400_.jpg","false","false","1","2026-02-01T18:16:11.846Z"
"B0BY3V6ZR7","Organic Matcha Green Tea Powder, 2 lb (907g) | First Harvest, Culinary Grade | Japanese Sourced Cafe Mix | Zero Sugar, Keto Friendly, Non-GMO, Vegetarian","$38.99","4.4","1063","","Grocery & Gourmet Food","8176","Matcha Tea","27","","","2","1","FBA","$80,303.96","2,295","https://www.amazon.com/dp/B0BY3V6ZR7","https://images-na.ssl-images-amazon.com/images/I/81HI-i8FCdL._AC_UL600_SR600,400_.jpg","false","false","1","2026-02-01T18:16:11.846Z"
"B0BLM1PFSY","Kiyo Matcha Classic Grade Hatsumukashi Ceremonial Uji Matcha - Pure Japanese First Harvest Ceremonial Grade Matcha Green Tea Powder from Uji, Japan (40g/1.41oz)","$24.99","4.4","524","","Grocery & Gourmet Food","8241","Matcha Tea","28","","","8","1","FBA","$68,453.99","2,162","https://www.amazon.com/dp/B0BLM1PFSY","https://images-na.ssl-images-amazon.com/images/I/71gppRRQ2-L._AC_UL600_SR600,400_.jpg","false","false","1","2026-02-01T18:16:11.847Z"
"B07K9PJ4LB","Ito En Matcha Green Tea Japanese Matcha Powder, Unsweetened, 2 Ounce","$11.99","4.5","1449","","Grocery & Gourmet Food","8476","Matcha Tea","29","","","2","2","AMZ","$50,009.43","2,511","https://www.amazon.com/dp/B07K9PJ4LB","https://images-na.ssl-images-amazon.com/images/I/81qGnP60vhL._AC_UL600_SR600,400_.jpg","false","false","1","2026-02-01T18:16:11.848Z"
"B010R3KA7C","SEN CHA Naturals Organic Matcha Powder, Authentic Japanese Green Tea, Premium First & Second Harvest Culinary and Ceremonial Grade Matcha Powder, Lattes & Baking, 4oz Bag (1 Pack)","$16.45","4.5","1536","","Grocery & Gourmet Food","8643","Matcha Tea","30","","","2","1","FBA","$17,384.92","838","https://www.amazon.com/dp/B010R3KA7C","https://images-na.ssl-images-amazon.com/images/I/71aXHgPPKIL._AC_UL600_SR600,400_.jpg","false","false","1","2026-02-01T18:16:11.849Z"
"B001B2SVOS","The Republic of Tea - Organic Double Green Matcha, Naturally Caffeinated Japanese Green Tea Powder and Leaves, Steeps 50 Cups","$15.75","4.7","2097","","Grocery & Gourmet Food","8644","Matcha Tea","31","","","4","6","FBA","$52,757.17","2,846","https://www.amazon.com/dp/B001B2SVOS","https://images-na.ssl-images-amazon.com/images/I/61Y6raQOUTL._AC_UL300_SR300,200_.jpg","false","false","1","2026-02-01T18:16:11.850Z"
"B073R2J6H3","Matcha Love Green Tea Powder Packet, Sweetened, 8 Ounce","$17.42","4.6","6157","","Grocery & Gourmet Food","8765","Matcha Tea","32","","","3","5","AMZ","$36,515.42","2,341","https://www.amazon.com/dp/B073R2J6H3","https://images-na.ssl-images-amazon.com/images/I/81+5iLe2OHL._AC_UL300_SR300,200_.jpg","false","false","1","2026-02-01T18:16:11.851Z"
"B0DWF114P8","Naoki Matcha Barista Blend Premium Grade Matcha - Authentic Japanese First Harvest Premium Grade Matcha Green Tea Powder from Japan (100g / 3.5oz)","$33.99","4.5","134","","Grocery & Gourmet Food","8870","Matcha Tea","33","","","4","1","FBA","$51,105.07","1,802","https://www.amazon.com/dp/B0DWF114P8","https://images-na.ssl-images-amazon.com/images/I/61zeCQaoCZL._AC_UL300_SR300,200_.jpg","false","false","1","2026-02-01T18:16:11.853Z"
"B0FMKHQXLD","Nami Matcha – First Harvest from Yame, Japan – Premium Japanese Green Tea Powder – 30g – Single Origin","$42.00","4.5","47","","Grocery & Gourmet Food","9215","Matcha Tea","34","","","1","1","FBA","$54,671.84","1,302","https://www.amazon.com/dp/B0FMKHQXLD","https://images-na.ssl-images-amazon.com/images/I/71FRo4+LNqL._AC_UL300_SR300,200_.jpg","false","false","1","2026-02-01T18:16:11.854Z"
"B0FDWLMBW2","HAYASHIYA Matcha Powder - Wakamatsu - Kyoto Uji Ceremonial Grade, First Harvest Authentic Japanese Matcha Green Tea Powder (30g / 1.06oz)","$23.99","4.4","146","","Grocery & Gourmet Food","9409","Matcha Tea","35","","","1","1","FBA","$77,882.75","3,397","https://www.amazon.com/dp/B0FDWLMBW2","https://images-na.ssl-images-amazon.com/images/I/61N+ODHpS4L._AC_UL300_SR300,200_.jpg","false","false","1","2026-02-01T18:16:11.855Z"
"B07YLBFQJ9","365 by Whole Foods Market, Organic Powdered Matcha, Finely Ground Whole Leaf Green Tea, 5 Ounce","$17.98","4.3","1059","","Grocery & Gourmet Food","9431","Matcha Tea","36","","","2","1","AMZ","$41,937.51","2,332","https://www.amazon.com/dp/B07YLBFQJ9","https://images-na.ssl-images-amazon.com/images/I/51CsijiPPgL._AC_UL300_SR300,200_.jpg","false","false","1","2026-02-01T18:16:11.856Z"
"B0C34F84RT","ITO EN Oi Ocha Premium Japanese Matcha Genmaicha Green Tea - Tea Bags, 50 Count (Pack of 1)","$19.99","4.5","513","","Grocery & Gourmet Food","9564","Matcha Tea","37","","","1","4","AMZ","$49,913.76","2,523","https://www.amazon.com/dp/B0C34F84RT","https://images-na.ssl-images-amazon.com/images/I/81pHWH2Wq0L._AC_UL300_SR300,200_.jpg","false","false","1","2026-02-01T18:16:11.857Z"
"B01FE95IDU","Kyoto Dew Matcha - Ceremonial Blend – Authentic Japanese First Harvest - USDA & JAS Organic Ceremonial Grade Matcha Green Tea Powder from Uji, Kyoto (30g / 1oz)","$26.75","4.5","2757","","Grocery & Gourmet Food","9592","Matcha Tea","38","","","3","1","FBA","$56,734.61","1,774","https://www.amazon.com/dp/B01FE95IDU","https://images-na.ssl-images-amazon.com/images/I/81AOFZc6UFL._AC_UL300_SR300,200_.jpg","false","false","1","2026-02-01T18:16:11.858Z"
"B0DV6Z5MYZ","Soeos Organic Matcha Powder, Matcha Green Tea Powder, 2 oz (57g), Antioxidant-Rich Japanese Matcha for Lattes, Smoothies and Baking, Recyclable Bags","$6.99","4.3","338","","Grocery & Gourmet Food","9601","Matcha Tea","39","","","3","1","AMZ","$27,622.96","3,552","https://www.amazon.com/dp/B0DV6Z5MYZ","https://images-na.ssl-images-amazon.com/images/I/71bQ3GLRIfL._AC_UL300_SR300,200_.jpg","false","false","1","2026-02-01T18:16:11.859Z"
"B08KT75X45","Rishi Tea Everyday Matcha - Organic Japanese Daily Matcha Green Tea Powder for Cafe-Quality Matcha Drinks, Hot or Iced - 1.05 Oz Tin","$15.00","4.6","533","","Grocery & Gourmet Food","9792","Matcha Tea","40","","","1","32","FBA","$32,959.01","2,022","https://www.amazon.com/dp/B08KT75X45","https://images-na.ssl-images-amazon.com/images/I/81+psL+R9eL._AC_UL300_SR300,200_.jpg","false","false","1","2026-02-01T18:16:11.860Z"
"B0FMLRNB1D","Nami Okumidori First Harvest Matcha – 30g | USDA Organic, Smooth & Vibrant Green Tea Powder | Antioxidant-Rich, L-Theanine for Calm Energy","$38.99","4.9","18","","Grocery & Gourmet Food","9804","Matcha Tea","41","","","1","2","FBA","$61,541.53","1,578","https://www.amazon.com/dp/B0FMLRNB1D","https://images-na.ssl-images-amazon.com/images/I/613RJtppAZL._AC_UL300_SR300,200_.jpg","false","false","1","2026-02-01T18:16:11.862Z"
"B0CD2RCND5","Everyday Dose Mushroom Matcha+ Ceremonial Grade Matcha Powder - Japanese Tea With Grass-Fed Collagen, Lion's Mane, Chaga, L-Theanine - For Better Focus, Energy, Digestion and Immunity - 30 Servings","$44.99","4.3","501","","Grocery & Gourmet Food","10529","Matcha Tea","42","","","1","1","FBA","$69,360.17","1,592","https://www.amazon.com/dp/B0CD2RCND5","https://images-na.ssl-images-amazon.com/images/I/71YLx5lgreL._AC_UL300_SR300,200_.jpg","false","false","1","2026-02-01T18:16:11.863Z"
"B006LLWB3G","Aiya Authentic Japanese Premium First Harvest Ceremonial Grade Matcha Green Tea Powder - Vegan-Friendly, Zero Sugar, Gluten-Free - 30g Tin","$21.30","4.4","1843","","Grocery & Gourmet Food","10564","Matcha Tea","43","","","6","9","FBA","$92,201.07","3,027","https://www.amazon.com/dp/B006LLWB3G","https://images-na.ssl-images-amazon.com/images/I/61ij9bCcdUL._AC_UL300_SR300,200_.jpg","false","false","1","2026-02-01T18:16:11.864Z"
"B0G699KGHX","HAYASHIYA Matcha Powder Ceremonial Grade in Tin - Organic Japanese Green Tea from Kyoto 30g - First Harvest Stone-Ground for Lattes, Smoothies, Baking - Superfood Antioxidant Clean Energy Boost","$20.99","4.8","81","","Grocery & Gourmet Food","10989","Matcha Tea","44","","","1","1","FBA","$11,330.17","544","https://www.amazon.com/dp/B0G699KGHX","https://images-na.ssl-images-amazon.com/images/I/71EcxJFKBlL._AC_UL300_SR300,200_.jpg","false","false","1","2026-02-01T18:16:11.865Z"
"B01L3HFRU6","Mighty Leaf Tea, Organic Matcha Green Tea Powder - 3 Ounce Bag, 100% Japanese Matcha, Unsweetened","$25.00","4.5","2262","","Grocery & Gourmet Food","11256","Matcha Tea","45","","","4","1","AMZ","$29,552.33","1,543","https://www.amazon.com/dp/B01L3HFRU6","https://images-na.ssl-images-amazon.com/images/I/71N5sPW5zwL._AC_UL300_SR300,200_.jpg","false","false","1","2026-02-01T18:16:11.866Z"
"B07MQJ1P3V","Premium Japanese Ceremonial Matcha Green Tea Powder - 1st Harvest HIGHEST Grade - USDA & JAS Organic - From Japan - Perfect for Starbucks Latte, Shake, Smoothies & Baking (3.53oz / 100g)","$39.95","4.5","1033","","Grocery & Gourmet Food","11262","Matcha Tea","46","","","1","1","FBA","$59,696.65","1,522","https://www.amazon.com/dp/B07MQJ1P3V","https://images-na.ssl-images-amazon.com/images/I/91Ds4O2kqpL._AC_UL300_SR300,200_.jpg","false","false","1","2026-02-01T18:16:11.867Z"
"B004776JPW","Celestial Seasonings Decaf Green Tea, K-Cup Portion Pack for Keurig K-Cup Brewers, 24-Count","$13.90","4.7","1203","","Grocery & Gourmet Food","11293","Matcha Tea","47","","","1","34","MERCH","$18,857.05","1,340","https://www.amazon.com/dp/B004776JPW","https://images-na.ssl-images-amazon.com/images/I/718CJS2A47L._AC_UL300_SR300,200_.jpg","false","false","1","2026-02-01T18:16:11.869Z"
"B09QFTVGSY","Organic Matcha Green Tea Powder First Harvest Ceremonial Grade 100% Pure Premium Matcha for Drinking and Latte No Additives 3.53oz(100g) Jiuyu","$19.19","4.4","450","","Grocery & Gourmet Food","11439","Matcha Tea","48","","","9","1","FBA","$21,689.98","1,511","https://www.amazon.com/dp/B09QFTVGSY","https://images-na.ssl-images-amazon.com/images/I/71nSRuR6X2L._AC_UL300_SR300,200_.jpg","false","false","1","2026-02-01T18:16:11.870Z"
"B08C18F2TY","Aiya Japanese Sweetened Matcha Powder to Go Sticks - Ceremonial Grade, Vegan-Friendly, Gluten-Free - 8 Individually Packed Single-Serving Sticks for Freshness and Convenience","$14.99","4.6","1198","","Grocery & Gourmet Food","11672","Matcha Tea","49","","","4","3","FBA","$27,229.52","1,768","https://www.amazon.com/dp/B08C18F2TY","https://images-na.ssl-images-amazon.com/images/I/81iiDZG-zQL._AC_UL300_SR300,200_.jpg","false","false","1","2026-02-01T18:16:11.871Z"
"B01CUWXD1I","The Republic of Tea - Brain Boost SuperGreen Green Tea, Ginkgo Biloba, and Matcha Tea Blend (36 Tea Bags)","$15.25","4.7","1510","","Grocery & Gourmet Food","11794","Matcha Tea","50","","","2","6","FBA","$28,342.16","1,209","https://www.amazon.com/dp/B01CUWXD1I","https://images-na.ssl-images-amazon.com/images/I/61PYbcVoEnL._AC_UL300_SR300,200_.jpg","false","false","1","2026-02-01T18:16:11.873Z"
"B074TQ24SY","Akira Matcha 30g - Organic Premium Ceremonial Japanese Matcha Green Tea Powder - First Harvest - Zero Sugar - USDA and JAS Certified","$27.95","4.6","4347","","Grocery & Gourmet Food","11839","Matcha Tea","51","","","3","1","FBA","$58,502.41","1,248","https://www.amazon.com/dp/B074TQ24SY","https://images-na.ssl-images-amazon.com/images/I/81JgK0SZnIL._AC_UL600_SR600,400_.jpg","false","false","1","2026-02-01T18:17:33.163Z"
"B0F9LJNTKV","FKRO Organic Ceremonial Grade Matcha Green Tea Powder | 1st Harvest, Single Origin, Single Saemidori Cultivar | Flown in Fresh from Japan Every Month (30g/1.06oz) Tin","$28.90","4.7","135","","Grocery & Gourmet Food","11969","Matcha Tea","52","","","1","1","FBA","$64,026.86","2,215","https://www.amazon.com/dp/B0F9LJNTKV","https://images-na.ssl-images-amazon.com/images/I/81DOnxw8uUL._AC_UL600_SR600,400_.jpg","false","false","1","2026-02-01T18:17:33.164Z"
"B0DW4FWW49","Matcha Sunday Ceremonial Grade Matcha - Kyoto, Japan - Finely Ground Green Tea Powder - Vibrant Green (50g/ 1.75oz)","$39.99","4.5","138","","Grocery & Gourmet Food","12181","Matcha Tea","53","","","3","1","FBA","$57,326.20","1,447","https://www.amazon.com/dp/B0DW4FWW49","https://images-na.ssl-images-amazon.com/images/I/71uygkwiHVL._AC_UL600_SR600,400_.jpg","false","false","1","2026-02-01T18:17:33.165Z"
"B0BPH4GDMW","TeeLux Matcha Green Tea Bags, Classic Premium Japanese Matcha + Sencha Green Tea, Super Antioxidant, Zero Calories, Caffeinated, 100 Count","$14.99","4.6","2654","","Grocery & Gourmet Food","5029","Matcha Tea","54","","","33","1","FBA","$109,095.25","8,894","https://www.amazon.com/dp/B0BPH4GDMW","https://images-na.ssl-images-amazon.com/images/I/71uoEAxuj8L._AC_UL600_SR600,400_.jpg","false","false","1","2026-02-01T18:17:33.165Z"
"B0C6TCHMJK","TIAN HU SHAN Matcha Green Tea Powder 3.5oz/100g, Pure Matcha Powder Culinary Grade Unsweetened for Lattes, Cooking, Baking, Vegan 100% Natural （Package May Vary)","$7.99","4.4","753","","Grocery & Gourmet Food","12590","Matcha Tea","55","","","3","1","FBA","$11,604.40","1,416","https://www.amazon.com/dp/B0C6TCHMJK","https://images-na.ssl-images-amazon.com/images/I/713g9YqXpyL._AC_UL600_SR600,400_.jpg","false","false","1","2026-02-01T18:17:33.166Z"
"B07597F3YM","Cha4TEA 36-Count Matcha Green Tea for Keurig","$23.87","4.3","3312","","Grocery & Gourmet Food","12693","Matcha Tea","56","","","3","1","FBA","$31,944.60","1,338","https://www.amazon.com/dp/B07597F3YM","https://images-na.ssl-images-amazon.com/images/I/81PNQ6ZbN4L._AC_UL600_SR600,400_.jpg","false","false","1","2026-02-01T18:17:33.166Z"
"B00CJQEGYE","Crystal Light Raspberry Green Tea Naturally Flavored Powdered Drink Mix, 120 ct Pack, 12 Boxes of 10 On-the-Go-Packets","$40.61","4.8","1809","","Grocery & Gourmet Food","12705","Matcha Tea","57","","","1","2","AMZ","$50,948.08","1,439","https://www.amazon.com/dp/B00CJQEGYE","https://images-na.ssl-images-amazon.com/images/I/81u2-S0pDKL._AC_UL600_SR600,400_.jpg","false","false","1","2026-02-01T18:17:33.167Z"
"B0CJ4SZGHQ","FKRO Organic Ceremonial Grade Matcha Green Tea Powder | 1st Harvest, Single Origin, Single Okumidori Cultivar | Sugar-free | Flown in Fresh from Japan Every Month (30g/1.06oz) Pouch","$26.90","4.6","523","","Grocery & Gourmet Food","12709","Matcha Tea","58","","","2","1","FBA","$34,138.00","1,272","https://www.amazon.com/dp/B0CJ4SZGHQ","https://images-na.ssl-images-amazon.com/images/I/71vyhJ+rMrL._AC_UL600_SR600,400_.jpg","false","false","1","2026-02-01T18:17:33.167Z"
"B0CWM94JK4","ITO EN Organic Matcha Green Tea - Tea Bags, 50ct (Pack of 1)","$14.96","4.4","184","","Grocery & Gourmet Food","12874","Matcha Tea","59","","","1","1","AMZ","$19,125.11","1,317","https://www.amazon.com/dp/B0CWM94JK4","https://images-na.ssl-images-amazon.com/images/I/91pmVheSOPL._AC_UL600_SR600,400_.jpg","false","false","1","2026-02-01T18:17:33.168Z"
"B0D3J9JT8J","ONE WITH TEA Ceremonial Matcha Powder USDA Organic 2oz – Authentic Japanese Green Tea, Made in Japan | Perfect for Matcha Latte, Smoothies, Hot & Iced Drinks","$16.99","4.5","368","","Grocery & Gourmet Food","12931","Matcha Tea","60","","","5","1","FBA","$18,710.45","1,119","https://www.amazon.com/dp/B0D3J9JT8J","https://images-na.ssl-images-amazon.com/images/I/71Cwfe98DIL._AC_UL600_SR600,400_.jpg","false","false","1","2026-02-01T18:17:33.169Z"
"B08F7JK93J","ORGANIC CEREMONIAL Matcha Green Tea Powder from Kagoshima JAPAN | Japanese Tea KIMIKURA | Matcha KIMIKURA","$33.90","4.4","272","","Grocery & Gourmet Food","13066","Matcha Tea","61","","","3","1","FBA","$49,194.87","1,021","https://www.amazon.com/dp/B08F7JK93J","https://images-na.ssl-images-amazon.com/images/I/61P4dF+S+XL._AC_UL600_SR600,400_.jpg","false","false","1","2026-02-01T18:17:33.170Z"
"B099KRQQDY","Matcha Kari - Organic Matcha Green Tea Powder - Barista Grade - 30 Gram Tin","$29.99","4.5","763","","Grocery & Gourmet Food","13119","Matcha Tea","62","","","7","1","FBA","$48,396.95","1,014","https://www.amazon.com/dp/B099KRQQDY","https://images-na.ssl-images-amazon.com/images/I/41jPPmZBckL._AC_UL600_SR600,400_.jpg","false","false","1","2026-02-01T18:17:33.170Z"
"B011DMQRXW","DrinkMatcha Organic Matcha Green Tea Powder 1 LB 100% Pure Matcha | Nothing Added | Perfect for Lattes, Smoothies, Baking (16 Ounce)","$24.99","4.4","4665","","Grocery & Gourmet Food","13407","Matcha Tea","63","","","7","1","FBA","$2,832.00","185","https://www.amazon.com/dp/B011DMQRXW","https://images-na.ssl-images-amazon.com/images/I/71rNqSPz6iL._AC_UL600_SR600,400_.jpg","false","false","1","2026-02-01T18:17:33.171Z"
"B0B3D2KJCT","BJDesign Matcha Latte Powder “HAJIME” Sweetened Matcha Green Tea Powder - Authentic Japanese Origin - Non MSG, Non GMO, Vegan, Gluten Free (5.3 Ounce)","$9.65","4.4","1229","","Grocery & Gourmet Food","13420","Matcha Tea","64","","","2","1","FBA","$14,389.56","1,086","https://www.amazon.com/dp/B0B3D2KJCT","https://images-na.ssl-images-amazon.com/images/I/61wiABI4hWL._AC_UL600_SR600,400_.jpg","false","false","1","2026-02-01T18:17:33.171Z"
"B0D49C1P2N","Mushroom Matcha Powder, Japanese Ceremonial Matcha Infused With 7 Superfood Mushrooms, MCT Oil, Coconut Milk Powder, Natural, Gluten Free, Taste Great Matcha Latter 8 Oz(45 Servings)","$19.99","4.4","35","","Grocery & Gourmet Food","13992","Matcha Tea","65","","","1","1","FBA","$21,388.23","1,070","https://www.amazon.com/dp/B0D49C1P2N","https://images-na.ssl-images-amazon.com/images/I/717I5Y+3whL._AC_UL600_SR600,400_.jpg","false","false","1","2026-02-01T18:17:33.172Z"
"B0DQHWSKR4","MatchAiA Organic Matcha Green Tea Powder - Premium Culinary Grade, USDA Certified, 100% Pure - Perfect for Lattes, Smoothies, Desserts and Baking - Sugar Free, Gluten Free (60g / 2.1oz Pouch)","$8.95","4.5","481","","Grocery & Gourmet Food","14062","Matcha Tea","66","","","3","2","FBA","$9,457.33","889","https://www.amazon.com/dp/B0DQHWSKR4","https://images-na.ssl-images-amazon.com/images/I/61IqbpVxrWL._AC_UL600_SR600,400_.jpg","false","false","1","2026-02-01T18:17:33.173Z"
"B079R1HCHS","Carrington Farms Organic Matcha Powder – Finely Milled Japanese Green Tea Leaves – Bold & Rich Flavor, Antioxidant Energy Booster, Low Calorie, No Sugar – For Sweet & Savory Recipes – 3.5 oz Bag","$8.74","4.4","2150","","Grocery & Gourmet Food","14530","Matcha Tea","67","","","3","2","AMZ","$20,451.00","2,363","https://www.amazon.com/dp/B079R1HCHS","https://images-na.ssl-images-amazon.com/images/I/81soFvUC1OL._AC_UL600_SR600,400_.jpg","false","false","1","2026-02-01T18:17:33.174Z"
"B0FWK3LM5N","TAGASHIRA CHAHO Hojicha Powder (30g/1.06oz) - Kyoto Uji, Stone Milled, Japanese Roasted Green Tea Latte Powder, Low caffeine, 100% Product of Japan","$19.99","4.7","38","","Grocery & Gourmet Food","14577","Matcha Tea","68","","","1","1","FBA","$12,720.41","636","https://www.amazon.com/dp/B0FWK3LM5N","https://images-na.ssl-images-amazon.com/images/I/71UheLwMBYL._AC_UL600_SR600,400_.jpg","false","false","1","2026-02-01T18:17:33.174Z"
"B018PUH0HW","Ujido The Path of Zen Japanese Matcha Green Tea Powder Ceremonial Blend (4 oz)","$22.00","4.5","2044","","Grocery & Gourmet Food","14759","Matcha Tea","69","","","3","13","FBA","$30,460.25","1,383","https://www.amazon.com/dp/B018PUH0HW","https://images-na.ssl-images-amazon.com/images/I/71UPZFtgvVL._AC_UL600_SR600,400_.jpg","false","false","1","2026-02-01T18:17:33.175Z"
"B0FHK1PK7Q","Venture Pal Superior Ceremonial Grade Matcha Powder, 100% Pure First Harvest Matcha Powder, Shade Grown Green Tea – Vegan, Gluten-Free, No Additives, Unsweetened (30g/1.06oz Tin)","$14.99","4.3","568","","Grocery & Gourmet Food","15169","Matcha Tea","70","","","7","1","FBA","$20,763.13","1,351","https://www.amazon.com/dp/B0FHK1PK7Q","https://images-na.ssl-images-amazon.com/images/I/81snTRzMXsL._AC_UL600_SR600,400_.jpg","false","false","1","2026-02-01T18:17:33.176Z"
"B0FH9NQVZ5","TAGASHIRA CHAHO ""Uji no Shiro"" Uji Matcha Green Tea Powder (30g/1.06oz) - First Harvest, Stone Milled, Authentic Ceremonial Grade, 100% Product of Japan","$26.99","4.5","103","","Grocery & Gourmet Food","15194","Matcha Tea","71","","","2","1","FBA","$27,440.71","952","https://www.amazon.com/dp/B0FH9NQVZ5","https://images-na.ssl-images-amazon.com/images/I/712lgW9dZ6L._AC_UL600_SR600,400_.jpg","false","false","1","2026-02-01T18:17:33.177Z"
"B0BSBPHLV7","Morning Made Vanilla Flavored Ceremonial Grade Matcha Powder | 10.6oz (300g) Resealable Tin | 60 Servings Premium Japanese Green Tea | Sweetened with Organic Sugar | Rich in Antioxidants & Energy Boosting","$35.99","4.0","212","","Grocery & Gourmet Food","15537","Matcha Tea","72","","","3","2","FBA","$25,094.11","929","https://www.amazon.com/dp/B0BSBPHLV7","https://images-na.ssl-images-amazon.com/images/I/71PnybRmSoL._AC_UL600_SR600,400_.jpg","false","false","1","2026-02-01T18:17:33.177Z"
"B0FB94QQSM","Ceremonial Grade Uji Matcha Powder - Stone-Ground from Kyoto Japan, Umami-Rich for Tea Ceremony Vibrant Green (1.06oz/30g) Zero Sugar Vegan 0 Calories","$14.99","4.8","31","","Grocery & Gourmet Food","15678","Matcha Tea","73","","","2","1","FBA","$3,143.83","303","https://www.amazon.com/dp/B0FB94QQSM","https://images-na.ssl-images-amazon.com/images/I/71neSQ+KpgL._AC_UL600_SR600,400_.jpg","false","false","1","2026-02-01T18:17:33.178Z"
"B073HD4BKH","ITO EN Oi Ocha Green Tea, Sugar Free, 2 Liter Bottle, 67.6 Ounce (Pack of 6)","$42.00","4.6","1220","","Grocery & Gourmet Food","14648","Matcha Tea","74","","","3","4","AMZ","$20,284.22","817","https://www.amazon.com/dp/B073HD4BKH","https://images-na.ssl-images-amazon.com/images/I/81pFWNjCa7L._AC_UL600_SR600,400_.jpg","false","false","1","2026-02-01T18:17:33.179Z"
"B0DNGDQNPF","Blueprint Bryan Johnson Matcha Powder – Ceremonial Grade Japanese Matcha – Green Tea for Energy & Focus – Natural Caffeine, Antioxidant-Rich – 30mg L-Theanine- 30 Servings","$35.00","4.4","106","","Grocery & Gourmet Food","16325","Matcha Tea","75","","","1","1","FBA","$28,352.35","810","https://www.amazon.com/dp/B0DNGDQNPF","https://images-na.ssl-images-amazon.com/images/I/41rqw4yre2L._AC_UL600_SR600,400_.jpg","false","false","1","2026-02-01T18:17:33.180Z"
"B0DWC1JKZZ","The Harmony Matcha Lavender (7.05oz Bag - 20 Servings) Premium Japanese Matcha Powder, Rich in Antioxidants & L-Theanine, Sweetened with Organic Sugar, No Preservatives","$15.99","4.3","146","","Grocery & Gourmet Food","16357","Matcha Tea","76","","","9","1","MERCH","$17,294.00","1,054","https://www.amazon.com/dp/B0DWC1JKZZ","https://images-na.ssl-images-amazon.com/images/I/61BhRaT-vVL._AC_UL600_SR600,400_.jpg","false","false","1","2026-02-01T18:17:33.181Z"
"B0FRRCW8KQ","OSULLOC Volcanic Isle Matcha Powder, Ceremonial Grade Korean Matcha for lattes, Green tea powder from Jeju island (1.41oz, 40g)","$29.99","4.7","143","","Grocery & Gourmet Food","16550","Matcha Tea","77","","","4","1","FBA","$21,274.87","824","https://www.amazon.com/dp/B0FRRCW8KQ","https://images-na.ssl-images-amazon.com/images/I/51lYBA4n3lL._AC_UL600_SR600,400_.jpg","false","false","1","2026-02-01T18:17:33.182Z"
"B09Z9QFTGT","Kroma’s Beauty Matcha Latte Powder 7.18 Oz, 204g, 24 Servings – Collagen Ceremonial Grade Matcha Green Tea with Protein for Glowing Skin & Hair Support w/ Bovine Collagen, Ginger & Turmeric - Premium Matcha Powder w/ Adaptogenic Mushrooms","$50.00","4.1","109","","Grocery & Gourmet Food","16715","Matcha Tea","78","","","3","2","FBA","$44,463.87","780","https://www.amazon.com/dp/B09Z9QFTGT","https://images-na.ssl-images-amazon.com/images/I/71Pz7PP-RxL._AC_UL600_SR600,400_.jpg","false","false","1","2026-02-01T18:17:33.183Z"
"B07DJ1KVDP","AprikaLife Organic Matcha Powder, USDA & JAS Certified, No Sugar Added, Authentic Japanese Cafe Grade Matcha Green Tea Powder Perfect for Matcha Lattes, Smoothies & Baking, 3.5 oz/100g","$29.99","4.5","3220","","Grocery & Gourmet Food","17058","Matcha Tea","79","","","3","1","FBA","$24,366.69","715","https://www.amazon.com/dp/B07DJ1KVDP","https://images-na.ssl-images-amazon.com/images/I/81ZbMV-9-VL._AC_UL600_SR600,400_.jpg","false","false","1","2026-02-01T18:17:33.183Z"
"B0DFRCLKVV","RYZE SUPERFOODS Mushroom Matcha, USDA Organic with 6 Adaptogenic Mushrooms and Ceremonial-Grade Matcha for Energy, Focus, Digestion, Immunity with Turkey Tail, Shiitake, Lion's Mane, 30 servings","$59.99","4.3","912","","Grocery & Gourmet Food","17061","Matcha Tea","80","","","1","1","FBA","$54,185.42","903","https://www.amazon.com/dp/B0DFRCLKVV","https://images-na.ssl-images-amazon.com/images/I/61SDoQKsy9L._AC_UL600_SR600,400_.jpg","false","false","1","2026-02-01T18:17:33.184Z"
"B0D6LBVCV5","Caff Off Decaf Matcha Green Tea Powder From Japan – Small Premium Bag - 1.06 oz / 30 g – Ceremonial Grade – Naturally Decaffeinated Without Chemicals – Tested for Heavy Metals","$34.99","4.0","174","","Grocery & Gourmet Food","17127","Matcha Tea","81","","","22","1","FBA","$13,573.67","472","https://www.amazon.com/dp/B0D6LBVCV5","https://images-na.ssl-images-amazon.com/images/I/81wGLMBAH6L._AC_UL300_SR300,200_.jpg","false","false","1","2026-02-01T18:17:33.186Z"
"B008798Y2M","Green Foods Organic Ceremonial Grade Matcha Green Tea 11oz - First Harvest, Farm-Direct","$23.96","4.6","1031","","Grocery & Gourmet Food","17133","Matcha Tea","82","","","3","19","FBA","$26,024.48","824","https://www.amazon.com/dp/B008798Y2M","https://images-na.ssl-images-amazon.com/images/I/81D9xV2p5WL._AC_UL300_SR300,200_.jpg","false","false","1","2026-02-01T18:17:33.187Z"
"B07D8PVPP5","Traditional Medicinals Tea, Organic Green Tea Matcha, Genmaicha, Supports Health, Kosher, Non-GMO, Caffeine-Free, Compostable - 96 Tea Bags (6 Pack)","$31.92","4.7","6351","","Grocery & Gourmet Food","807","Matcha Tea","83","","","7","16","AMZ","$112,549.96","16,098","https://www.amazon.com/dp/B07D8PVPP5","https://images-na.ssl-images-amazon.com/images/I/71Q7mdB8taL._AC_UL300_SR300,200_.jpg","false","false","1","2026-02-01T18:17:33.187Z"
"B0D1J7XPJK","MUDWTR Mushroom Matcha Powder | 3,000mg of Adaptogenic Mushrooms | Japanese Matcha Powder Blend | USDA Organic | Energy, Focus & Immunity Support | Lion's Mane, Chaga, Reishi, Cordyceps | 30 Servings","$49.99","4.0","213","","Grocery & Gourmet Food","17413","Matcha Tea","84","","","1","1","FBA","$41,901.83","840","https://www.amazon.com/dp/B0D1J7XPJK","https://images-na.ssl-images-amazon.com/images/I/91Yne8wXEQL._AC_UL300_SR300,200_.jpg","false","false","1","2026-02-01T18:17:33.189Z"
"B01CF2G9O6","The Republic of Tea Lean Green SuperGreen Tea, Matcha And Garcinia Cambogia Tea Blend (36 Tea Bags)","$15.25","4.6","1472","","Grocery & Gourmet Food","17978","Matcha Tea","85","","","2","3","FBA","$15,847.37","683","https://www.amazon.com/dp/B01CF2G9O6","https://images-na.ssl-images-amazon.com/images/I/81dUHFYY8YL._AC_UL300_SR300,200_.jpg","false","false","1","2026-02-01T18:17:33.190Z"
"B0869CMVFZ","Matcha Moon Organic Hojicha Powder | Japanese Roasted Green Tea from Uji, Kyoto, Japan | Unsweetened, Low Caffeine Matcha-Style Tea – 100g Resealable Bag","$21.95","4.3","1207","","Grocery & Gourmet Food","18159","Matcha Tea","86","","","7","1","FBA","$19,479.86","657","https://www.amazon.com/dp/B0869CMVFZ","https://images-na.ssl-images-amazon.com/images/I/71-8g0ZlH3L._AC_UL300_SR300,200_.jpg","false","false","1","2026-02-01T18:17:33.191Z"
"B0D3LLK77M","MatchAdmire Premium First Harvest USDA Certified Organic Green Tea Matcha Powder, Rich Flavor, 100% Vegan with No Fillers, Radiation-Free (50g Culinary Grade Matcha)","$17.95","4.2","254","","Grocery & Gourmet Food","18546","Matcha Tea","87","","","2","1","FBA","$18,374.02","990","https://www.amazon.com/dp/B0D3LLK77M","https://images-na.ssl-images-amazon.com/images/I/71I+539XEGL._AC_UL300_SR300,200_.jpg","false","false","1","2026-02-01T18:17:33.192Z"
"B0D1Z2JHZV","TAZO Green Tea Matcha Latte Concentrate, Sweetened with Notes of Honeydew Melon & Tropical Fruit, for Hot or Iced Lattes, Mocktails, Easy-to-Serve, 32 oz Carton (Pack of 2)","$14.99","4.0","262","","Grocery & Gourmet Food","15626","Milk Tea Mix","2","Matcha Tea","88","10","2","AMZ","$10,907.18","705","https://www.amazon.com/dp/B0D1Z2JHZV","https://images-na.ssl-images-amazon.com/images/I/61DQ+dNsm7L._AC_UL300_SR300,200_.jpg","false","false","1","2026-02-01T18:17:33.193Z"
"B094VFGPY4","Jade Leaf Matcha Organic Japanese Hojicha Powder, Roasted Matcha Green Tea Powder - Barista Edition - Authentic Japanese Origin (1.76 Ounce Pouch)","$11.99","4.3","438","","Grocery & Gourmet Food","18682","Matcha Tea","89","","","3","1","FBA","$21,603.70","1,143","https://www.amazon.com/dp/B094VFGPY4","https://images-na.ssl-images-amazon.com/images/I/71Dg0QvKLpL._AC_UL300_SR300,200_.jpg","false","false","1","2026-02-01T18:17:33.194Z"
"B0CQXW9MSK","Tozzy Organic Turmeric,Ginger & Cinnamon Tea – 100 Count, Plant-Based Pyramid Tea Bags","$21.95","4.4","2252","","Grocery & Gourmet Food","2923","Matcha Tea","90","","","22","1","FBA","$106,125.44","5,098","https://www.amazon.com/dp/B0CQXW9MSK","https://images-na.ssl-images-amazon.com/images/I/718QHqpVi+L._AC_UL300_SR300,200_.jpg","false","false","1","2026-02-01T18:17:33.195Z"
"B08M5XY5YN","TIAN HU SHAN Matcha Green Tea Powder 15.3oz/434g, Starter Matcha Culinary For Lattes, Cooking, Baking","$14.99","4.3","897","","Grocery & Gourmet Food","19911","Matcha Tea","91","","","5","1","FBA","$16,583.53","1,106","https://www.amazon.com/dp/B08M5XY5YN","https://images-na.ssl-images-amazon.com/images/I/71yNkYaH5gL._AC_UL300_SR300,200_.jpg","false","false","1","2026-02-01T18:17:33.196Z"
"B0DQB45WXC","RYZE SUPERFOODS Mushroom Matcha Starter Kit, USDA Organic with 6 Adaptogenic Mushrooms and Ceremonial-Grade Matcha, Energy, Focus, Digestion, Immunity with Turkey Tail, Shiitake, Reishi, 60 servings","$85.99","4.4","133","","Grocery & Gourmet Food","20002","Matcha Tea","92","","","2","1","FBA","$126,739.27","1,749","https://www.amazon.com/dp/B0DQB45WXC","https://images-na.ssl-images-amazon.com/images/I/7187OL8FmGL._AC_UL300_SR300,200_.jpg","false","false","1","2026-02-01T18:17:33.198Z"
"B0C5SF3Z79","Sencha Eveyrday Natural USDA Organic Matcha Green Tea Powder Rich Antioxidant Revitalizing Body Helathy Gluten Free Product 100% Vegan Diet - 12oz (Pack of 1)","$29.99","4.6","128","","Grocery & Gourmet Food","20145","Matcha Tea","93","","","1","24","MERCH","$24,021.40","795","https://www.amazon.com/dp/B0C5SF3Z79","https://images-na.ssl-images-amazon.com/images/I/61N25EpVl8L._AC_UL300_SR300,200_.jpg","false","false","1","2026-02-01T18:17:33.199Z"
"B0DPY47Q3M","MatchAiA Organic Ceremonial Matcha Green Tea Powder - Premium Ceremonial Grade, First Spring Harvest, USDA Certified, 100% Pure - Sugar Free, Gluten Free (60g / 2.1oz Tin)","$19.95","4.5","363","","Grocery & Gourmet Food","20408","Matcha Tea","94","","","2","1","FBA","$12,987.42","807","https://www.amazon.com/dp/B0DPY47Q3M","https://images-na.ssl-images-amazon.com/images/I/71SGamrWcXL._AC_UL300_SR300,200_.jpg","false","false","1","2026-02-01T18:17:33.200Z"
"B0FBGR9Q97","HAYASHIYA Hojicha Powder, Kyoto Uji, Japanese Roasted Green Tea Latte Powder, Low caffeine (60g / 2.1oz)","$27.99","4.5","83","","Grocery & Gourmet Food","20459","Matcha Tea","95","","","1","1","FBA","$16,358.22","584","https://www.amazon.com/dp/B0FBGR9Q97","https://images-na.ssl-images-amazon.com/images/I/71JA-NFlIeL._AC_UL300_SR300,200_.jpg","false","false","1","2026-02-01T18:17:33.201Z"
"B0FFSXTJWK","Nippon Matcha – Organic Premium Ceremonial Grade Japanese Matcha Green Tea Powder – First Harvest from Uji, Kyoto – USDA Certified, Stone-Ground, Smooth & Vibrant (100g/3.53oz)","$55.00","4.6","61","","Grocery & Gourmet Food","20472","Matcha Tea","96","","","2","1","FBA","$42,283.49","807","https://www.amazon.com/dp/B0FFSXTJWK","https://images-na.ssl-images-amazon.com/images/I/61xs5hg-3rL._AC_UL300_SR300,200_.jpg","false","false","1","2026-02-01T18:17:33.203Z"
"B0DG7M42F8","TSUJIRI Matcha - Uzu no Shiro (30g / 1.06oz) - Ceremonial Grade Matcha Powder - Authentic Japanese First Harvest Matcha Green Tea - Uji, Kyoto, Japan, 1860","$32.99","4.4","74","","Grocery & Gourmet Food","20564","Matcha Tea","97","","","4","1","FBA","$21,511.02","678","https://www.amazon.com/dp/B0DG7M42F8","https://images-na.ssl-images-amazon.com/images/I/71oD1gBgucL._AC_UL300_SR300,200_.jpg","false","false","1","2026-02-01T18:17:33.204Z"
"B01HVY4ELS","ITO EN Matcha Green Tea, Traditional, Tea Bags (20 Count)","$5.45","4.5","891","","Grocery & Gourmet Food","20738","Matcha Tea","98","","","4","11","FBA","$4,515.34","423","https://www.amazon.com/dp/B01HVY4ELS","https://images-na.ssl-images-amazon.com/images/I/81HMi59-TRL._AC_UL300_SR300,200_.jpg","false","false","1","2026-02-01T18:17:33.205Z"
"B00PVI54CU","Matcha Love Green Tea Unsweetened Energy Shots, 5.2 Oz, Pack of 20","$29.88","4.3","1228","","Grocery & Gourmet Food","20903","Matcha Tea","99","","","5","4","AMZ","$28,065.45","896","https://www.amazon.com/dp/B00PVI54CU","https://images-na.ssl-images-amazon.com/images/I/71BCB8HDzqL._AC_UL300_SR300,200_.jpg","false","false","1","2026-02-01T18:17:33.207Z"
"B006LLWE9M","Aiya Sweetened Matcha Blend Powder - Matcha Latte Powder With Antioxidant-Rich Japanese Green Tea & Pure Cane Sugar - Ideal for Smoothies, Lattes, and Culinary Creations - 1kg Bag (2.2 lbs)","$60.00","4.7","343","","Grocery & Gourmet Food","21037","Matcha Tea","100","","","3","1","FBA","$32,593.16","551","https://www.amazon.com/dp/B006LLWE9M","https://images-na.ssl-images-amazon.com/images/I/718uRLmgutL._AC_UL300_SR300,200_.jpg","false","false","1","2026-02-01T18:17:33.208Z"